1.043020112 23.57541899
1.126754415 24.52513966
1.208695967 25.36312849
1.296596599 26.25698324
1.381159715 27.15083799
1.471237977 28.10055866
1.578231589 29.05027933
1.693006153 30.11173184
1.828921738 31.22905028
1.975748711 32.51396648
2.134363044 33.74301676
2.305711035 34.86033520
2.473390469 36.03351955
2.671955791 37.31843575
2.906796537 38.77094972
3.140155968 39.94413408
3.488855054 41.45251397
3.876275481 42.84916201
4.246672604 44.13407821
4.619916714 45.30726257
5.097028632 46.48044693
5.545011345 47.43016760
5.948264116 48.43575419
6.425794452 49.44134078
7.039810610 50.61452514
7.766831842 51.84357542
8.390357925 52.90502793
9.256854012 54.07821229
10.28478274 55.08379888
11.42685797 56.14525140
12.96596599 57.31843575
14.71237977 58.43575419
16.69402177 59.83240223
18.81006273 60.83798883
21.19432122 61.78770950
23.71373706 62.56983240
26.71955791 63.24022346
30.10637984 63.85474860
34.16147274 64.30167598
39.31082834 64.69273743
45.23637596 64.97206704
52.42183210 65.19553073
60.32367686 65.19553073
69.90563662 64.91620112
80.44291596 64.58100559
91.92097752 64.24581006
102.1283561 63.96648045
115.8842436 63.51955307
132.4192792 63.12849162
149.2040074 62.73743017
169.3006153 62.29050279
192.1040785 61.89944134
219.5146020 61.50837989
257.9796005 61.11731844
296.8663519 60.83798883
341.6147274 60.61452514
393.1082834 60.39106145
455.5505605 60.16759777
524.2183210 59.88826816
599.0168298 59.72067039
689.3100876 59.49720670
798.8017808 59.27374302
938.7738327 59.05027933
1103.272840 58.88268156
1278.519385 58.77094972
1471.237977 58.60335196
1681.162740 58.43575419
1921.040785 58.32402235
2210.610330 58.15642458
2508.362179 58.10055866
2866.269835 57.98882682
3275.245830 57.87709497
3664.581546 57.82122905
4100.198459 57.70949721
4523.637596 57.70949721
